3FF
3FF
1FF
155
0FF
0CC
0AA
092
07F
071
066
05D
055
04E
049
044
03F
03C
038
035
033
030
02E
02C
02A
028
027
025
024
023
022
021
01F
01F
01E
01D
01C
01B
01A
01A
019
018
018
017
017
016
016
015
015
014
014
014
013
013
012
012
012
011
011
011
011
010
010
010
00F
00F
00F
00F
00F
00E
00E
00E
00E
00E
00D
00D
00D
00D
00D
00C
00C
00C
00C
00C
00C
00C
00B
00B
00B
00B
00B
00B
00B
00B
00A
00A
00A
00A
00A
00A
00A
00A
00A
009
009
009
009
009
009
009
009
009
009
009
008
008
008
008
008
008
008
008
008
008
008
008
008
008
007
007
007
007
007
007
007
007
007
007
007
007
007
007
007
007
007
007
007
006
006
006
006
006
006
006
006
006
006
006
006
006
006
006
006
006
006
006
006
006
006
006
006
005
005
005
005
005
005
005
005
005
005
005
005
005
005
005
005
005
005
005
005
005
005
005
005
005
005
005
005
005
005
005
005
005
005
004
004
004
004
004
004
004
004
004
004
004
004
004
004
004
004
004
004
004
004
004
004
004
004
004
004
004
004
004
004
004
004
004
004
004
004
004
004
004
004
004
004
004
004
004
004
004
004
004
004
004
003
003
003
003
003
003
003
003
003
003
003
003
003
003
003
003
003
003
003
003
003
003
003
003
003
003
003
003
003
003
003
003
003
003
003
003
003
003
003
003
003
003
003
003
003
003
003
003
003
003
003
003
003
003
003
003
003
003
003
003
003
003
003
003
003
003
003
003
003
003
003
003
003
003
003
003
003
003
003
003
003
003
003
003
003
003
002
002
002
002
002
002
002
002
002
002
002
002
002
002
002
002
002
002
002
002
002
002
002
002
002
002
002
002
002
002
002
002
002
002
002
002
002
002
002
002
002
002
002
002
002
002
002
002
002
002
002
002
002
002
002
002
002
002
002
002
002
002
002
002
002
002
002
002
002
002
002
002
002
002
002
002
002
002
002
002
002
002
002
002
002
002
002
002
002
002
002
002
002
002
002
002
002
002
002
002
002
002
002
002
002
002
002
002
002
002
002
002
002
002
002
002
002
002
002
002
002
002
002
002
002
002
002
002
002
002
002
002
002
002
002
002
002
002
002
002
002
002
002
002
002
002
002
002
002
002
002
002
002
002
002
002
002
002
002
002
002
002
002
002
002
002
002
002
002
002
001
001
001
001
001
001
001
001
001
001
001
001
001
001
001
001
001
001
001
001
001
001
001
001
001
001
001
001
001
001
001
001
001
001
001
001
001
001
001
001
001
001
001
001
001
001
001
001
001
001
001
001
001
001
001
001
001
001
001
001
001
001
001
001
001
001
001
001
001
001
001
001
001
001
001
001
001
001
001
001
001
001
001
001
001
001
001
001
001
001
001
001
001
001
001
001
001
001
001
001
001
001
001
001
001
001
001
001
001
001
001
001
001
001
001
001
001
001
001
001
001
001
001
001
001
001
001
001
001
001
001
001
001
001
001
001
001
001
001
001
001
001
001
001
001
001
001
001
001
001
001
001
001
001
001
001
001
001
001
001
001
001
001
001
001
001
001
001
001
001
001
001
001
001
001
001
001
001
001
001
001
001
001
001
001
001
001
001
001
001
001
001
001
001
001
001
001
001
001
001
001
001
001
001
001
001
001
001
001
001
001
001
001
001
001
001
001
001
001
001
001
001
001
001
001
001
001
001
001
001
001
001
001
001
001
001
001
001
001
001
001
001
001
001
001
001
001
001
001
001
001
001
001
001
001
001
001
001
001
001
001
001
001
001
001
001
001
001
001
001
001
001
001
001
001
001
001
001
001
001
001
001
001
001
001
001
001
001
001
001
001
001
001
001
001
001
001
001
001
001
001
001
001
001
001
001
001
001
001
001
001
001
001
001
001
001
001
001
001
001
001
001
001
001
001
001
001
001
001
001
001
001
001
001
001
001
001
001
001
001
001
001
001
001
001
001
001
001
001
001
001
001
001
001
001
001
001
001
001
001
001
001
001
001
001
001
001
001
001
001
001
001
001
001
001
001
001
001
001
001
001
001
001
001
001
001
001
001
001
001
001
001
001
001
001
001
001
001
001
001
001
001
001
001
001
001
001
001
001
001
001
001
001
001
001
001
001
001
001
001
001
001
001
001
001
001
001
001
001
001
001
001
001
001
001
001
001
001
001
001
001
001
001
001
001
001
001
001
001
001
001
001
001
001
001
001
001
001
001
001
001
001
001
001
001
001
001
001
001
001
001
001
001
001
001
001
001
001
001
001
001
001
001
001
001
001
001
001
001
001
001
001
001
001
001
001
001
001
001
001
001
001
001
001
001
001
001
001
001
001
001
001

